
-----------------------------------------------------------
-----------------------------------------------------------
          Date    :: 2024-11-06
          Time    :: 13:02:56
          Backend :: ibm_sherbrooke
          JobID   :: cwnphzf2ac5g008hh5mg

1 3 4 5 8 9 10 12 13 14 15 16 18 19 21 22 27 28 29 30 31 32 33 34 35 36 38 39 40 41 43 44 45 46 47 49 50 52 53 54 56 57 62 63 64 65 66 70 72 74 76 77 79 81 82 83 84 87 90 91 92 93 98 99 100 101 103 104 107 109 111 113 115 122 126 

:: [TOTAL: 75] ::


-----------------------------------------------------------
-----------------------------------------------------------
          Date    :: 2024-11-06
          Time    :: 09:05:29
          Backend :: ibm_sherbrooke
          JobID   :: cwnk2nt31we00088mp1g

1 3 4 5 6 8 9 12 14 15 16 19 20 21 22 23 28 29 30 31 32 33 34 36 38 39 42 44 45 46 48 49 50 52 54 56 57 58 61 62 64 65 66 70 72 74 76 77 79 81 83 84 85 88 90 99 100 101 103 104 107 111 112 115 118 121 126 

:: [TOTAL: 67] ::


-----------------------------------------------------------
-----------------------------------------------------------
          Date    :: 2024-11-12
          Time    :: 21:29:55
          Backend :: ibm_sherbrooke
          JobID   :: cwswhmp2ac5g008j3y1g

1 2 4 5 6 7 8 9 11 15 16 17 18 19 21 22 23 25 27 28 29 32 33 34 36 41 42 44 45 46 48 49 50 52 53 54 55 56 57 58 59 62 64 65 66 67 68 70 71 72 73 76 77 78 79 81 82 84 87 90 91 93 96 97 98 99 100 103 105 107 114 115 118 122 

:: [TOTAL: 74] ::

