
-----------------------------------------------------------
-----------------------------------------------------------
          Date    :: 2024-10-28
          Time    :: 11:13:27
          Backend :: ibm_brisbane
          JobID   :: cwfq0b131we00087p7ag

0 1 3 7 14 16 18 19 20 24 26 28 29 35 38 39 43 45 47 50 51 52 55 66 67 69 75 76 82 84 86 87 90 91 95 100 101 102 104 108 109 112 114 119 120 121 123 126 

:: [TOTAL: 48] ::


-----------------------------------------------------------
-----------------------------------------------------------
          Date    :: 2024-11-02
          Time    :: 06:30:27
          Backend :: ibm_brisbane
          JobID   :: cwjw4sk9r49g00898a7g

0 1 3 7 11 13 14 20 21 23 24 26 27 28 29 34 36 38 39 40 43 50 51 52 57 66 67 69 72 74 75 77 82 83 84 86 87 91 92 94 95 97 98 99 100 102 107 109 110 112 113 114 115 117 119 120 124 

:: [TOTAL: 57] ::


-----------------------------------------------------------
-----------------------------------------------------------
          Date    :: 2024-11-10
          Time    :: 21:26:23
          Backend :: ibm_brisbane
          JobID   :: cwrenkptdtng0086xhz0

0 1 3 5 6 7 9 10 12 13 14 16 20 22 23 24 26 27 28 29 32 34 35 36 37 38 39 42 43 44 45 50 52 53 56 59 63 67 70 74 75 77 82 83 84 86 87 90 91 93 94 97 99 101 102 109 112 114 117 119 122 123 

:: [TOTAL: 62] ::


-----------------------------------------------------------
-----------------------------------------------------------
          Date    :: 2024-11-17
          Time    :: 14:09:52
          Backend :: ibm_brisbane
          JobID   :: cwwzgtb2ac5g008jfw30

2 3 8 20 22 24 25 26 27 28 29 33 34 35 37 41 43 44 45 47 50 52 56 57 67 68 70 71 72 76 80 82 83 84 87 93 95 99 101 102 109 112 113 114 117 119 

:: [TOTAL: 46] ::


-----------------------------------------------------------
-----------------------------------------------------------
          Date    :: 2024-11-24
          Time    :: 18:10:29
          Backend :: ibm_brisbane
          JobID   :: cx1pr4grkac0008zzd6g

0 3 7 9 10 13 14 16 20 21 24 26 28 29 34 39 41 42 43 45 50 51 52 56 70 72 75 77 82 84 87 91 95 96 98 99 101 102 106 109 112 115 116 117 119 120 122 126 

:: [TOTAL: 48] ::


-----------------------------------------------------------
-----------------------------------------------------------
          Date    :: 2024-11-24
          Time    :: 18:07:00
          Backend :: ibm_brisbane
          JobID   :: cx1ppgjtpsjg0086fakg

0 3 6 7 10 11 13 14 19 20 21 24 26 28 29 38 39 41 42 43 45 50 52 53 56 58 63 65 70 71 72 75 77 81 84 91 93 95 98 101 102 108 109 110 112 116 117 119 120 126 

:: [TOTAL: 50] ::

