
-----------------------------------------------------------
-----------------------------------------------------------
          Date    :: 2024-10-28
          Time    :: 11:13:27
          Backend :: ibm_brisbane
          JobID   :: cwfq0b131we00087p7ag

2 4 5 6 8 9 10 11 12 13 15 17 21 22 23 25 27 30 31 32 33 34 36 37 40 41 42 44 46 48 49 53 54 56 57 58 59 60 61 62 63 64 65 68 70 71 72 73 74 77 78 79 80 81 83 85 88 89 92 93 94 96 97 98 99 103 105 106 107 110 111 113 115 116 117 118 122 124 125 

:: [TOTAL: 79] ::


-----------------------------------------------------------
-----------------------------------------------------------
          Date    :: 2024-11-02
          Time    :: 06:30:27
          Backend :: ibm_brisbane
          JobID   :: cwjw4sk9r49g00898a7g

2 4 5 6 8 9 10 12 15 16 17 18 19 22 25 30 31 32 33 35 37 41 42 44 45 46 47 48 49 53 54 55 56 58 59 60 61 62 63 64 65 68 70 71 73 76 78 79 80 81 85 88 89 90 93 96 101 103 104 105 106 108 111 116 118 121 122 123 125 126 

:: [TOTAL: 70] ::


-----------------------------------------------------------
-----------------------------------------------------------
          Date    :: 2024-11-10
          Time    :: 21:26:23
          Backend :: ibm_brisbane
          JobID   :: cwrenkptdtng0086xhz0

2 4 8 11 15 17 18 19 21 25 30 31 33 40 41 46 47 48 49 51 54 55 57 58 60 61 62 64 65 66 68 69 71 72 73 76 78 79 80 81 85 88 89 92 95 96 98 100 103 104 105 106 107 108 110 111 113 115 116 118 120 121 124 125 126 

:: [TOTAL: 65] ::


-----------------------------------------------------------
-----------------------------------------------------------
          Date    :: 2024-11-17
          Time    :: 14:09:52
          Backend :: ibm_brisbane
          JobID   :: cwwzgtb2ac5g008jfw30

0 1 4 5 6 7 9 10 11 12 13 14 15 16 17 18 19 21 23 30 31 32 36 38 39 40 42 46 48 49 51 53 54 55 58 59 60 61 62 63 64 65 66 69 73 74 75 77 78 79 81 85 86 88 89 90 91 92 94 96 97 98 100 103 104 105 106 107 108 110 111 115 116 118 120 121 122 123 124 125 126 

:: [TOTAL: 81] ::


-----------------------------------------------------------
-----------------------------------------------------------
          Date    :: 2024-11-24
          Time    :: 18:10:29
          Backend :: ibm_brisbane
          JobID   :: cx1pr4grkac0008zzd6g

1 2 4 5 6 8 11 12 15 17 18 19 22 23 25 27 30 31 32 33 35 36 37 38 40 44 46 47 48 49 53 54 55 57 58 59 60 61 62 63 64 65 66 67 68 69 71 73 74 76 78 79 80 81 83 85 86 88 89 90 92 93 94 97 100 103 104 105 107 108 110 111 113 114 118 121 123 124 125 

:: [TOTAL: 79] ::


-----------------------------------------------------------
-----------------------------------------------------------
          Date    :: 2024-11-24
          Time    :: 18:07:00
          Backend :: ibm_brisbane
          JobID   :: cx1ppgjtpsjg0086fakg

1 2 4 5 8 9 12 15 16 17 18 22 23 25 27 30 31 32 33 34 35 36 37 40 44 46 47 48 49 51 54 55 57 59 60 61 62 64 66 67 68 69 73 74 76 78 79 80 82 83 85 86 87 88 89 90 92 94 96 97 99 100 103 104 105 106 107 111 113 114 115 118 121 122 123 124 125 

:: [TOTAL: 77] ::

