
-----------------------------------------------------------
-----------------------------------------------------------
          Date    :: 2024-11-05
          Time    :: 15:15:26
          Backend :: ibm_kyiv
          JobID   :: cwn3d3431we00088j9cg

1 3 4 5 7 10 12 14 15 16 18 21 23 24 25 28 29 30 34 39 43 45 50 52 57 58 59 60 61 64 67 68 70 73 75 76 77 79 82 83 86 87 89 92 94 96 102 103 104 105 109 111 113 115 119 120 122 124 125 

:: [TOTAL: 59] ::


-----------------------------------------------------------
-----------------------------------------------------------
          Date    :: 2024-11-17
          Time    :: 13:27:30
          Backend :: ibm_kyiv
          JobID   :: cwwyyg22ac5g008jftjg

0 1 3 4 5 6 11 12 13 14 15 16 18 19 21 23 24 27 28 29 30 32 33 34 35 37 39 42 43 45 49 50 53 54 57 58 59 60 62 71 73 74 75 77 83 84 85 86 87 88 89 92 94 95 96 98 102 103 104 105 109 110 111 113 115 118 120 122 124 125 126 

:: [TOTAL: 71] ::


-----------------------------------------------------------
-----------------------------------------------------------
          Date    :: 2024-11-17
          Time    :: 13:11:46
          Backend :: ibm_kyiv
          JobID   :: cwwyq4c5v39g008hsfng

0 1 2 3 5 6 7 8 9 10 11 12 13 14 15 16 19 21 23 24 27 28 29 30 31 32 33 35 39 42 43 45 47 51 54 58 59 60 63 65 66 68 70 71 72 74 75 77 83 84 85 88 89 92 94 95 96 100 102 104 105 109 110 111 114 115 120 122 125 126 

:: [TOTAL: 70] ::


-----------------------------------------------------------
-----------------------------------------------------------
          Date    :: 2024-11-19
          Time    :: 09:39:42
          Backend :: ibm_kyiv
          JobID   :: cwy5sq660bqg008pzaz0

0 1 2 3 4 5 6 7 8 9 10 11 12 13 14 15 16 17 18 19 22 24 25 29 31 35 37 39 40 41 42 43 47 48 50 52 54 56 58 60 64 67 68 69 71 72 73 75 76 77 79 83 85 86 89 91 92 93 94 95 96 100 102 103 106 109 110 111 114 115 118 120 122 

:: [TOTAL: 73] ::


-----------------------------------------------------------
-----------------------------------------------------------
          Date    :: 2024-11-24
          Time    :: 18:20:07
          Backend :: ibm_kyiv
          JobID   :: cx1pwnatpsjg0086fb10

0 1 2 3 5 7 10 11 13 14 15 16 21 25 26 29 31 32 33 35 36 37 39 40 43 46 48 54 55 58 59 60 61 63 67 68 70 71 73 74 75 76 81 85 87 88 89 92 93 95 96 97 100 102 104 105 109 111 113 114 115 119 122 124 

:: [TOTAL: 64] ::

