
-----------------------------------------------------------
-----------------------------------------------------------
          Date    :: 2024-11-30
          Time    :: 18:15:22
          Backend :: ibm_brisbane
          JobID   :: cx5nca9pjw30008kpa20
          ALPHA   :: 0.01

1 3 5 6 8 9 10 12 15 16 23 30 31 32 33 34 36 37 40 42 45 46 48 49 50 53 54 55 56 57 58 60 61 62 64 65 66 68 69 71 72 73 76 77 79 81 83 84 86 88 89 90 91 92 94 100 103 104 105 106 107 109 110 111 113 114 115 116 118 119 121 122 125 

:: [TOTAL: 73] ::


-----------------------------------------------------------
-----------------------------------------------------------
          Date    :: 2024-11-30
          Time    :: 18:19:21
          Backend :: ibm_brisbane
          JobID   :: cx5ne1gpx23g008eb50g
          ALPHA   :: 0.01

3 4 5 6 7 8 9 10 12 15 16 17 18 19 21 22 30 32 33 36 40 42 44 45 46 48 49 50 53 54 55 56 57 58 60 61 62 63 64 65 68 69 72 73 75 76 78 79 80 81 83 85 88 89 90 91 92 93 97 100 104 105 106 107 108 109 110 111 115 116 118 121 122 125 

:: [TOTAL: 74] ::


-----------------------------------------------------------
-----------------------------------------------------------
          Date    :: 2024-11-30
          Time    :: 18:24:07
          Backend :: ibm_brisbane
          JobID   :: cx5ng1gztp300086h4pg
          ALPHA   :: 0.01

1 3 4 5 7 8 10 12 14 15 16 17 18 21 22 30 33 34 35 36 37 40 42 43 44 45 46 48 49 50 53 54 55 57 58 59 60 61 62 63 64 65 66 68 69 70 71 73 74 76 77 79 81 83 86 87 88 89 90 91 92 94 100 103 104 105 106 108 109 110 111 113 115 116 118 121 122 125 

:: [TOTAL: 78] ::


-----------------------------------------------------------
-----------------------------------------------------------
          Date    :: 2024-11-30
          Time    :: 18:31:30
          Backend :: ibm_brisbane
          JobID   :: cx5nm00bqkhg008xhad0
          ALPHA   :: 0.1

3 5 7 8 9 16 22 31 33 35 38 42 45 46 48 53 54 55 57 60 61 62 63 64 65 68 69 75 76 78 79 83 88 89 92 94 100 103 104 105 106 107 110 113 115 116 118 121 122 

:: [TOTAL: 49] ::

