
-----------------------------------------------------------
-----------------------------------------------------------
          Date    :: 2024-11-05
          Time    :: 15:15:26
          Backend :: ibm_kyiv
          JobID   :: cwn3d3431we00088j9cg

0 2 6 8 9 11 13 17 19 20 22 26 27 31 32 33 35 36 37 38 40 41 42 44 46 47 48 49 51 53 54 55 56 62 63 65 66 69 71 72 74 78 80 81 84 85 88 90 91 93 95 97 98 99 100 101 106 107 108 110 112 114 116 117 118 121 123 126 

:: [TOTAL: 68] ::


-----------------------------------------------------------
-----------------------------------------------------------
          Date    :: 2024-11-17
          Time    :: 13:27:30
          Backend :: ibm_kyiv
          JobID   :: cwwyyg22ac5g008jftjg

2 7 8 9 10 17 20 22 25 26 31 36 38 40 41 44 46 47 48 51 52 55 56 61 63 64 65 66 67 68 69 70 72 76 78 79 80 81 82 90 91 93 97 99 100 101 106 107 108 112 114 116 117 119 121 123 

:: [TOTAL: 56] ::


-----------------------------------------------------------
-----------------------------------------------------------
          Date    :: 2024-11-17
          Time    :: 13:11:46
          Backend :: ibm_kyiv
          JobID   :: cwwyq4c5v39g008hsfng

4 17 18 20 22 25 26 34 36 37 38 40 41 44 46 48 49 50 52 53 55 56 57 61 62 64 67 69 73 76 78 79 80 81 82 86 87 90 91 93 97 98 99 101 103 106 107 108 112 113 116 117 118 119 121 123 124 

:: [TOTAL: 57] ::


-----------------------------------------------------------
-----------------------------------------------------------
          Date    :: 2024-11-19
          Time    :: 09:39:42
          Backend :: ibm_kyiv
          JobID   :: cwy5sq660bqg008pzaz0

20 21 23 26 27 28 30 32 33 34 36 38 44 45 46 49 51 53 55 57 59 61 62 63 65 66 70 74 78 80 81 82 84 87 88 90 97 98 99 101 104 105 107 108 112 113 116 117 119 121 123 124 125 126 

:: [TOTAL: 54] ::


-----------------------------------------------------------
-----------------------------------------------------------
          Date    :: 2024-11-24
          Time    :: 18:20:07
          Backend :: ibm_kyiv
          JobID   :: cx1pwnatpsjg0086fb10

4 6 8 9 12 17 18 19 20 22 23 24 27 28 30 34 38 41 42 44 45 47 49 50 51 52 53 56 57 62 64 65 66 69 72 77 78 79 80 82 83 84 86 90 91 94 98 99 101 103 106 107 108 110 112 116 117 118 120 121 123 125 126 

:: [TOTAL: 63] ::

