
-----------------------------------------------------------
-----------------------------------------------------------
          Date    :: 2024-11-30
          Time    :: 18:15:22
          Backend :: ibm_brisbane
          JobID   :: cx5nca9pjw30008kpa20
          ALPHA   :: 0.01

0 2 4 7 11 13 14 17 18 19 20 21 22 24 25 26 27 28 29 35 38 39 41 43 44 47 51 52 59 63 67 70 74 75 78 80 82 85 87 93 95 96 97 98 99 101 102 108 112 117 120 123 124 126 

:: [TOTAL: 54] ::


-----------------------------------------------------------
-----------------------------------------------------------
          Date    :: 2024-11-30
          Time    :: 18:19:21
          Backend :: ibm_brisbane
          JobID   :: cx5ne1gpx23g008eb50g
          ALPHA   :: 0.01

0 1 2 11 13 14 20 23 24 25 26 27 28 29 31 34 35 37 38 39 41 43 47 51 52 59 66 67 70 71 74 77 82 84 86 87 94 95 96 98 99 101 102 103 112 113 114 117 119 120 123 124 126 

:: [TOTAL: 53] ::


-----------------------------------------------------------
-----------------------------------------------------------
          Date    :: 2024-11-30
          Time    :: 18:24:07
          Backend :: ibm_brisbane
          JobID   :: cx5ng1gztp300086h4pg
          ALPHA   :: 0.01

0 2 6 9 11 13 19 20 23 24 25 26 27 28 29 31 32 38 39 41 47 51 52 56 67 72 75 78 80 82 84 85 93 95 96 97 98 99 101 102 107 112 114 117 119 120 123 124 126 

:: [TOTAL: 49] ::


-----------------------------------------------------------
-----------------------------------------------------------
          Date    :: 2024-11-30
          Time    :: 18:31:30
          Backend :: ibm_brisbane
          JobID   :: cx5nm00bqkhg008xhad0
          ALPHA   :: 0.1

0 1 2 4 6 10 11 12 13 14 15 17 18 19 20 21 23 24 25 26 27 28 29 30 32 34 36 37 39 40 41 43 44 47 49 50 51 52 56 58 59 66 67 70 71 72 73 74 77 80 81 82 84 85 86 87 90 91 93 95 96 97 98 99 101 102 108 109 111 112 114 117 119 120 123 124 125 126 

:: [TOTAL: 78] ::

