
-----------------------------------------------------------
-----------------------------------------------------------
          Date    :: 2024-11-06
          Time    :: 13:02:56
          Backend :: ibm_sherbrooke
          JobID   :: cwnphzf2ac5g008hh5mg

0 2 6 7 11 17 20 23 24 25 26 37 42 48 51 55 58 59 60 61 67 68 69 71 73 75 78 80 85 86 88 89 94 95 96 97 102 105 106 108 110 112 114 116 117 118 119 120 121 123 124 125 

:: [TOTAL: 52] ::


-----------------------------------------------------------
-----------------------------------------------------------
          Date    :: 2024-11-06
          Time    :: 09:05:29
          Backend :: ibm_sherbrooke
          JobID   :: cwnk2nt31we00088mp1g

0 2 7 10 11 13 17 18 24 25 26 27 35 37 40 41 43 47 51 53 55 59 60 63 67 68 69 71 73 75 78 80 82 86 87 89 91 92 93 94 95 96 97 98 102 105 106 108 109 110 113 114 116 117 119 120 122 123 124 125 

:: [TOTAL: 60] ::


-----------------------------------------------------------
-----------------------------------------------------------
          Date    :: 2024-11-12
          Time    :: 21:29:55
          Backend :: ibm_sherbrooke
          JobID   :: cwswhmp2ac5g008j3y1g

0 3 10 12 13 14 20 24 26 30 31 35 37 38 39 40 43 47 51 60 61 63 69 74 75 80 83 85 86 88 89 92 94 95 101 102 104 106 108 109 110 111 112 113 116 117 119 120 121 123 124 125 

:: [TOTAL: 52] ::

